.Random.seed <-
c(403L, 338L, -721502691L, 1925131272L, -382001064L, -403261305L, 
2025031096L, -741161736L, 1333842368L, 619555926L, -67091504L, 
-1972916026L, -389328576L, -891474986L, -1400210722L, -461983446L, 
-568172395L, -223279290L, 2121938340L, 979628362L, 1596182483L, 
749350897L, 1769083191L, -1634101295L, -906508479L, 948879354L, 
1883452090L, 539352962L, 1377616508L, -1138397509L, 1837965235L, 
1207644273L, -1660868515L, -822034631L, 760743310L, 949837944L, 
1216288428L, 1952373704L, -1652841540L, -41794476L, -588372953L, 
-702191445L, 1188943355L, -986231361L, -1020439208L, -1240449487L, 
-2035752729L, -109549787L, 1658475112L, 565529008L, -677483200L, 
58388765L, 351679513L, 636911395L, -1155424590L, -1741043637L, 
1661582472L, -1392283113L, -808815368L, 2129313268L, -688870356L, 
805329080L, -67016528L, 346481770L, 688688392L, 1091706508L, 
2000045043L, 750793287L, -1055766822L, -497545242L, -1830322426L, 
-720778740L, 1759737448L, 122701195L, 552343939L, -1040005953L, 
-171491882L, 735508404L, -1118811641L, -952047404L, -1796414967L, 
1949352166L, -1038627175L, -91401179L, 1141519552L, 370145852L, 
-56378610L, -1762946895L, 169741988L, 1325599537L, -1973316578L, 
-967571485L, -558079133L, -1144293977L, -577621835L, 471210520L, 
581528880L, -1435362657L, -699146667L, 2105051531L, -213716644L, 
1609467343L, -622084378L, -781793905L, -2078814370L, 156553852L, 
-353784874L, -837681128L, -846576668L, 1456924829L, 1322810270L, 
183188966L, 1874763342L, -104627900L, 1304346886L, -1304994368L, 
-490211123L, 1535590429L, -393449441L, 1704401073L, 1998654168L, 
-1771846611L, -855486575L, 289580256L, -1376594324L, -212379066L, 
1781838423L, 160203573L, -1236637332L, -352302869L, -1256255232L, 
1455124862L, 154533328L, 731395227L, 729539818L, -1370954507L, 
1528506165L, 15455793L, -1166509979L, 1990832600L, 1044959430L, 
-688781428L, -783014276L, -977822075L, 804264320L, 1914028783L, 
-1162016267L, -2127663988L, -77843919L, 2055103803L, -1200786753L, 
1892053488L, 1996901064L, -1648297649L, 1127092409L, 491848788L, 
376298548L, -2022515693L, -589680771L, -1932171718L, -1662440864L, 
-1066981378L, 1114323045L, -1085275958L, 1373960354L, -985069272L, 
1087480868L, -919090639L, 391009566L, 1552815356L, 410366184L, 
53539509L, -846739492L, 1169168463L, -1035615581L, 468448038L, 
789769291L, 815642805L, -248638803L, -157827997L, -491909033L, 
1894827499L, -1153429784L, 559507510L, 1769000975L, -1595278326L, 
449674205L, 1955958532L, -734999655L, -614653705L, 2003224826L, 
873620202L, 1154798553L, 517314203L, 404409045L, -1169494175L, 
-592419981L, 730042781L, -1447343446L, -1720455912L, -5200917L, 
-60285796L, 1425266117L, -713706121L, 66298087L, -341085951L, 
-1977246725L, 565850956L, -927455496L, 1106608203L, -634205667L, 
-1326481657L, -1271111439L, -428390823L, 407699118L, 300923405L, 
250163485L, 434467444L, -1480822336L, -470177041L, 964192778L, 
2053409936L, 129960999L, -836007117L, -1361956598L, 1667425173L, 
-1318909672L, 1796739763L, 1347573999L, -1694537542L, -1110595707L, 
1026432580L, -541531836L, -492352830L, -1901203964L, -2042310885L, 
-1060119943L, 1036083309L, 403470524L, -726719032L, 1842366342L, 
249337942L, 280423932L, 360496531L, 588831347L, 168992370L, -843340345L, 
-1527662357L, 514367569L, -386947950L, 58044054L, -1942125453L, 
-1117251028L, 2042232547L, -58032409L, 2113628555L, -1781337014L, 
-485954814L, -1863362290L, -318134153L, 1336040220L, 1592762827L, 
-2117153519L, 1993216739L, -1359131215L, 1619306173L, -1471148017L, 
1683017920L, 857272786L, -1432702838L, 1993806959L, 708786643L, 
634347674L, 1808574924L, -1366000078L, -1383457248L, 177785814L, 
21918195L, 1795292706L, 1782675246L, -995735704L, -1360131292L, 
1992434362L, 1083075059L, 790470165L, 1664699674L, -1593212439L, 
135887821L, 1572184330L, -51430817L, -1742785254L, 1119157063L, 
-962685959L, -614479536L, 335570887L, 450598462L, -980980564L, 
-548709004L, 361445558L, -1629027963L, -672936312L, 83613995L, 
-127587557L, -1024532250L, -1412339808L, -946693996L, -365276323L, 
289268141L, -1193662781L, 36605166L, -1094372959L, -1741122732L, 
2003590552L, -1257482584L, -1868509227L, 610524932L, -1594337738L, 
1177706437L, -1281269955L, -1766443280L, -195753532L, -487047658L, 
772952421L, 1868491053L, 412236245L, 327036351L, 1102364376L, 
-1839791663L, -840592137L, -1534168990L, 565353839L, 1903773110L, 
-773407380L, -1945395643L, -343789531L, 764333093L, -1038164333L, 
1751491175L, -418206224L, -795853157L, -356724672L, 390542110L, 
118112960L, -929674936L, -1249569878L, 527012856L, 1701308580L, 
1166456082L, 724819855L, -1314597857L, 243979989L, -1945809353L, 
2136573835L, -1214948592L, 1245759175L, 698496324L, -586250583L, 
-114539815L, -1244321042L, 346910624L, -736927002L, -1996909241L, 
-721818935L, 572542339L, 1914327137L, 748357922L, -785863183L, 
-541907300L, -812203774L, 2046709799L, 1131568919L, 132863247L, 
894324663L, -275691657L, 181379942L, -558768835L, -393957555L, 
1266495997L, -230600957L, -1230546205L, -1493934494L, 1684715794L, 
-1186281228L, -917500543L, 2141285720L, 64328777L, 2116167799L, 
1994870425L, -907132938L, 169090906L, 2143157252L, -2022148259L, 
-459810431L, -1345699968L, -2028282972L, 743829726L, 2058928354L, 
-1713172379L, -1531676694L, -786884703L, 86779184L, 912991047L, 
1939002315L, 1792504700L, -131834280L, 2063652786L, -601586343L, 
1764691168L, 510824832L, -109444419L, -1290545849L, -508539529L, 
-198030887L, -853182887L, -2127636660L, 575057825L, -565930806L, 
1644111830L, -1990006163L, 769391531L, -397841001L, -1704060589L, 
-86453836L, 1645992086L, 1644839874L, -2113962631L, 500174947L, 
1826730585L, 1857318658L, 1530113868L, -567435808L, 300869838L, 
19003612L, -2143009851L, 322669948L, 1481657041L, -68481853L, 
2081362443L, -1058493156L, 1579025952L, -1567722322L, 1827730439L, 
810748490L, 506710178L, -2008613260L, 1059104980L, -883012270L, 
1369605596L, 1604996966L, 2043486085L, 25697654L, 1597007247L, 
836454481L, -377284458L, -1528952349L, -760711842L, -1909901777L, 
-80795231L, 1346688287L, -620116548L, -240585699L, 1708037467L, 
-1602818058L, -457945245L, -852234712L, -1625151085L, 1008508079L, 
-1354646064L, -1142085400L, -455425177L, 1265595668L, -1379497287L, 
783353040L, 237218056L, 510378483L, -2028086450L, 1453368590L, 
1510339506L, -1152010359L, 704403687L, 958773244L, -745824197L, 
-1825354799L, 476482061L, 1097455961L, 1186333097L, 1724582059L, 
1544500543L, 417159476L, -857215333L, 329507426L, -1470791697L, 
1793271026L, -1392368463L, -110558507L, -394415302L, 112624841L, 
-1362267550L, 1717519411L, -1604808106L, 1776246043L, 57498679L, 
555013683L, 504929214L, 1556572035L, 1397443861L, 410354574L, 
-1040719219L, -149532051L, 469035581L, -292299080L, 2053751615L, 
-622897613L, 2127705826L, 1873023052L, 1620277803L, -1131798068L, 
-910312993L, 861739577L, -1883945342L, -2041604582L, 160250508L, 
-1036546948L, 1862342069L, -1302537179L, -416573405L, 651984442L, 
1943216945L, -1462065160L, 1721969502L, -2111757026L, -834086634L, 
1058443716L, 1082359057L, -1948752936L, -1242565955L, 756349321L, 
1567462311L, -1338508385L, 1040494652L, 1156887492L, -997868995L, 
-373531234L, -333294679L, 1771873634L, -1852644425L, -1707501132L, 
-2001963065L, 1461240781L, -1392923784L, 2002581911L, -2143124337L, 
1969204423L, 242936593L, 184991005L, 1013132576L, -1429311953L, 
29190686L, 885672586L, -1801137084L, 541792826L, 777935778L, 
-204241055L, -1022695793L, 366895593L, 1477369264L, 281694373L, 
345198890L, 1366925328L, 1634140917L, 345573205L, -1688655834L, 
1493954027L, -1724753757L, 1835599859L, -703037364L, -1197312335L, 
1662074624L, 163015321L, -955240644L, 706975383L, 1744570332L, 
1101153760L, 1544427950L, 1380822506L, 1286487153L, 1863601720L, 
691373005L, 1627487904L, 2117755538L, 417285609L, 1662733075L, 
-986675938L, 637501454L, -741737463L, -200600284L, -338206919L, 
1749935944L, 1571801995L, 2058386301L, -1030166382L, -1223454032L, 
-978334118L, 1767590093L, -691198285L, 1127145663L, 403850529L, 
